L      u_super   des_thresh          SEC   Productivity
0.5000     0.000050       0.1593       7.8557       0.000737
0.5006     0.006953       0.3865   64772.1719       0.001899
0.5025     0.005255       0.3723   36488.1836       0.001883
0.5011     0.004118       0.3838   22087.8867       0.001881
0.5009     0.006359       0.3870   53860.4453       0.001896
0.5007     0.006936       0.3865   64530.1172       0.001897
0.5039     0.002997       0.3836   11612.0078       0.001866
0.5293     0.001877       0.3629    4485.0386       0.001866
0.5002     0.000165       0.2636      40.8954       0.001539
0.5025     0.003383       0.3731   14821.4697       0.001873
0.5011     0.004076       0.3840   21685.0234       0.001877
0.5007     0.000140       0.2312      31.6582       0.001439
0.5009     0.000528       0.3133     357.8016       0.001819
0.5808     0.005998       0.3767   47895.2852       0.001888
0.5004     0.000108       0.2201      21.5876       0.001263
0.5514     0.005755       0.3908   43964.1758       0.001887
0.5000     0.000098       0.2161      18.5991       0.001187
0.5000     0.000077       0.1991      13.4637       0.001014
0.5001     0.000187       0.2711      50.4250       0.001603
0.5000     0.000063       0.1991      10.5081       0.000877
0.5009     0.000125       0.2414      26.5210       0.001362
0.5007     0.006166       0.3870   50657.3477       0.001890
0.5004     0.000116       0.2405      23.8472       0.001310
0.5544     0.005580       0.3837   41295.6797       0.001884
0.5001     0.000058       0.1663       9.3774       0.000824
0.5003     0.000092       0.2132      17.1081       0.001142
0.5037     0.000214       0.2909      64.3716       0.001652
0.5001     0.000068       0.1822      11.5201       0.000931
0.5037     0.000245       0.2981      82.0403       0.001697
0.5001     0.005405       0.3806   38666.5039       0.001884
0.5001     0.000054       0.1896       8.7165       0.000781
0.5002     0.000072       0.1705      12.5220       0.000969
0.5037     0.000316       0.2961     131.9416       0.001760
0.5006     0.000135       0.2224      30.0562       0.001413
0.5008     0.000085       0.1969      15.5389       0.001089
0.5012     0.001156       0.3508    1693.5657       0.001857
0.5025     0.003305       0.3731   14131.8984       0.001873
0.5037     0.000287       0.2963     110.3074       0.001741
0.5040     0.006309       0.3836   53002.2266       0.001895
0.5027     0.001319       0.3508    2206.4509       0.001859