L      u_super   des_thresh          SEC   Productivity
0.5054     0.000051       0.1288      20.4056       0.000290
0.5002     0.008388       0.2575  326976.2500       0.000558
0.5031     0.005333       0.2552  134407.5000       0.000527
0.5015     0.006259       0.2574  184956.1719       0.000534
0.5002     0.008363       0.2639  326856.3125       0.000555
0.5001     0.007650       0.2607  273951.5625       0.000549
0.5059     0.007084       0.2627  235808.9844       0.000542
0.5023     0.007362       0.2574  252946.9688       0.000548
0.5152     0.004169       0.2429   82943.8672       0.000514
0.5002     0.006757       0.2576  213805.5938       0.000542
0.5033     0.004742       0.2482  107807.6797       0.000516
0.5084     0.004926       0.2480  115419.0781       0.000521
0.5005     0.006505       0.2572  198491.5938       0.000539
0.5001     0.000126       0.1609      91.3488       0.000402
0.5132     0.003350       0.2409   54192.5742       0.000502
0.5002     0.000109       0.1594      70.7484       0.000386
0.5152     0.003967       0.2428   75768.7188       0.000508
0.5166     0.002833       0.2414   38653.7383       0.000500
0.5002     0.000153       0.1594     131.1750       0.000416
0.5025     0.000077       0.1145      41.0758       0.000331
0.5146     0.003569       0.2478   61067.3555       0.000507
0.5059     0.000088       0.1485      49.7635       0.000362
0.5032     0.000061       0.1385      27.5927       0.000315
0.5019     0.002216       0.2407   23654.5996       0.000496
0.5024     0.000190       0.1758     192.0633       0.000435
0.5019     0.000424       0.2107     892.2950       0.000470
0.5025     0.000055       0.1207      22.8944       0.000305
0.5002     0.000173       0.1643     162.3164       0.000426
0.5031     0.000325       0.1990     530.1635       0.000462
0.5151     0.001553       0.2322   11748.7510       0.000486
0.5002     0.007646       0.2607  273692.9688       0.000548
0.5024     0.000229       0.1803     272.6801       0.000445
0.5033     0.000269       0.1990     371.1794       0.000452
0.5151     0.002470       0.2370   29327.7188       0.000498
0.5139     0.000067       0.1381      31.9600       0.000326
0.5001     0.000051       0.1249      20.5560       0.000296
0.5057     0.000103       0.1612      65.0867       0.000376
0.5055     0.000096       0.1395      57.8836       0.000371
0.5151     0.001683       0.2329   13710.9463       0.000490
0.5059     0.000082       0.1518      44.5914       0.000350