L      u_super   des_thresh          SEC   Productivity
0.5099     0.009775       0.1882 1044561.3750       0.000241
0.5099     0.006701       0.1768  523108.6250       0.000218
0.5345     0.008388       0.1854  800571.5000       0.000228
0.5128     0.007340       0.1716  621554.8125       0.000222
0.5251     0.009094       0.1849  930578.7500       0.000232
0.5094     0.000070       0.0748      97.9895       0.000117
0.5011     0.007778       0.1758  692663.3750       0.000225
0.5278     0.004699       0.1648  271687.2812       0.000201
0.5003     0.000152       0.1044     361.3272       0.000148
0.5429     0.003972       0.1584  196345.7031       0.000196
0.5108     0.003443       0.1575  148219.8906       0.000194
0.5112     0.004790       0.1648  278888.4062       0.000203
0.5365     0.007698       0.1758  683020.0000       0.000223
0.5131     0.001596       0.1415   33219.7109       0.000182
0.5112     0.003915       0.1648  191519.7500       0.000196
0.5071     0.000214       0.1043     690.8015       0.000154
0.5006     0.003121       0.1481  123175.1797       0.000191
0.5008     0.002023       0.1466   53016.8008       0.000184
0.5004     0.000339       0.1210    1608.4417       0.000166
0.5102     0.000169       0.1044     438.9252       0.000151
0.5067     0.000812       0.1331    8754.4219       0.000176
0.5127     0.000627       0.1280    5301.7456       0.000173
0.5064     0.000061       0.0734      74.4492       0.000114
0.5067     0.003048       0.1467  118219.2344       0.000190
0.5440     0.000546       0.1302    4061.0564       0.000171
0.5108     0.008787       0.1818  865682.6875       0.000232
0.5036     0.000071       0.0751      99.2722       0.000118
0.5035     0.000053       0.0778      58.3968       0.000113
0.5131     0.001927       0.1415   48362.8203       0.000183
0.5010     0.000112       0.0934     209.7979       0.000138
0.5006     0.000286       0.1205    1169.2194       0.000163
0.5036     0.009678       0.1882 1034786.8125       0.000239
0.5007     0.002192       0.1481   61579.1836       0.000186
0.5108     0.000460       0.1284    2902.8743       0.000170
0.5033     0.001043       0.1360   14280.0361       0.000179
0.5023     0.005318       0.1717  340842.3750       0.000207
0.5007     0.002390       0.1481   72658.0000       0.000188
0.5011     0.005688       0.1739  384191.9688       0.000211
0.5069     0.000231       0.1160     776.4374       0.000159